----------------------Test de ArrayList----------------------
Test de get sur ArrayList :
10	0.26	22880
100	0.23	22996
1000	0.43	23204
10000	0.59	25296
100000	6.85	31164
100000	6.48	31420


Test de insert sur ArrayList :
10	0.25	22844
100	0.20	22972
1000	0.31	23212
10000	0.42	25320
100000	6.39	31372
100000	6.51	31656


Test de remove sur ArrayList :
10	0.23	22968
100	0.34	22984
1000	0.29	23220
10000	0.50	25340
100000	6.51	31848
100000	6.53	31592



 

----------------------Test de LinkedList----------------------
Test de get sur LinkedList :
10	0.31	23036
100	0.14	23056
1000	0.25	23168
10000	0.45	25792
100000	0.98	33632
100000	1.07	33960


Test de insert sur LinkedList :
10	0.31	23036
100	0.35	23064
1000	0.31	23280
10000	0.53	25828
100000	0.85	32928
100000	1.09	33392


Test de remove sur LinkedList :
10	0.29	23188
100	0.26	23112
1000	0.35	23432
10000	0.37	26212
100000	1.14	33828
100000	1.15	35552



 

----------------------Test de CopyOnWriteList----------------------
Test de get sur CopyOnWriteList :
10	0.29	22920
100	0.29	22996
1000	0.35	25180
10000	0.79	97956
100000	19.07	402468
100000	19.68	404000


Test de insert sur CopyOnWriteList :
10	0.34	22952
1000	0.31	25172
10000	0.81	97928
100000	18.03	392888
100000	18.21	374488


Test de remove sur CopyOnWriteList :
10	0.31	24016
100	0.21	24092
1000	0.37	26304
10000	1.01	98996
100000	18.50	388772
100000	18.78	386232



 

